33333333333333333333333333333333333333
33333000033000033000033000033000033333
33333000033000033000033000033000033333
33333000033000033000033000033000033333
33333000033000033000033000033000033333
33333333333333333333333333333333333333
33333333333333333333333333333333333333
33333000033000033000033000033000033333
33333000033000033000033000033000033333
33333000033000033000033000033000033333
33333000033000033000033000033000033333
33333333333333333333333333333333333333
33333333333333333333333333333333333333
33000000000000000000000000000000000033
33000000000000000000000000000000000033
33000000000000000000000000000000000033
33000000000000000000000000000000000033
33000000000000000000000000000000000033
33333333333333333333333333333333333333
33333300330033003300330033003300333333
33333300330033003300330033003300333333
33333333333333333333333333333333333333